Solved in :12 moves
5
 1  2  3  4  5 
12  6  8  9 10 
 0  7 13 19 14 
11 16 17 18 15 
21 22 23 24 20 
 hamming distance: 11Manhattan Distance125
 1  2  3  4  5 
 0  6  8  9 10 
12  7 13 19 14 
11 16 17 18 15 
21 22 23 24 20 
 hamming distance: 11Manhattan Distance115
 1  2  3  4  5 
 6  0  8  9 10 
12  7 13 19 14 
11 16 17 18 15 
21 22 23 24 20 
 hamming distance: 10Manhattan Distance105
 1  2  3  4  5 
 6  7  8  9 10 
12  0 13 19 14 
11 16 17 18 15 
21 22 23 24 20 
 hamming distance: 9Manhattan Distance95
 1  2  3  4  5 
 6  7  8  9 10 
 0 12 13 19 14 
11 16 17 18 15 
21 22 23 24 20 
 hamming distance: 8Manhattan Distance85
 1  2  3  4  5 
 6  7  8  9 10 
11 12 13 19 14 
 0 16 17 18 15 
21 22 23 24 20 
 hamming distance: 7Manhattan Distance75
 1  2  3  4  5 
 6  7  8  9 10 
11 12 13 19 14 
16  0 17 18 15 
21 22 23 24 20 
 hamming distance: 6Manhattan Distance65
 1  2  3  4  5 
 6  7  8  9 10 
11 12 13 19 14 
16 17  0 18 15 
21 22 23 24 20 
 hamming distance: 5Manhattan Distance55
 1  2  3  4  5 
 6  7  8  9 10 
11 12 13 19 14 
16 17 18  0 15 
21 22 23 24 20 
 hamming distance: 4Manhattan Distance45
 1  2  3  4  5 
 6  7  8  9 10 
11 12 13  0 14 
16 17 18 19 15 
21 22 23 24 20 
 hamming distance: 3Manhattan Distance35
 1  2  3  4  5 
 6  7  8  9 10 
11 12 13 14  0 
16 17 18 19 15 
21 22 23 24 20 
 hamming distance: 2Manhattan Distance25
 1  2  3  4  5 
 6  7  8  9 10 
11 12 13 14 15 
16 17 18 19  0 
21 22 23 24 20 
 hamming distance: 1Manhattan Distance15
 1  2  3  4  5 
 6  7  8  9 10 
11 12 13 14 15 
16 17 18 19 20 
21 22 23 24  0 
 hamming distance: 0Manhattan Distance0