Solved in :15 moves
8
 1  2  3  4  5  6  7  8 
 9 10 11 12 13 14 15 16 
17 18 19 20 21 22 23 24 
 0 25 27 28 29 30 31 32 
34 26 35 36 37 38 39 40 
33 41 42 43 45 46 47 48 
49 50 51 44 61 53 54 56 
57 58 59 52 60 62 55 63 
 hamming distance: 15Manhattan Distance158
 1  2  3  4  5  6  7  8 
 9 10 11 12 13 14 15 16 
17 18 19 20 21 22 23 24 
25  0 27 28 29 30 31 32 
34 26 35 36 37 38 39 40 
33 41 42 43 45 46 47 48 
49 50 51 44 61 53 54 56 
57 58 59 52 60 62 55 63 
 hamming distance: 14Manhattan Distance148
 1  2  3  4  5  6  7  8 
 9 10 11 12 13 14 15 16 
17 18 19 20 21 22 23 24 
25 26 27 28 29 30 31 32 
34  0 35 36 37 38 39 40 
33 41 42 43 45 46 47 48 
49 50 51 44 61 53 54 56 
57 58 59 52 60 62 55 63 
 hamming distance: 13Manhattan Distance138
 1  2  3  4  5  6  7  8 
 9 10 11 12 13 14 15 16 
17 18 19 20 21 22 23 24 
25 26 27 28 29 30 31 32 
 0 34 35 36 37 38 39 40 
33 41 42 43 45 46 47 48 
49 50 51 44 61 53 54 56 
57 58 59 52 60 62 55 63 
 hamming distance: 12Manhattan Distance128
 1  2  3  4  5  6  7  8 
 9 10 11 12 13 14 15 16 
17 18 19 20 21 22 23 24 
25 26 27 28 29 30 31 32 
33 34 35 36 37 38 39 40 
 0 41 42 43 45 46 47 48 
49 50 51 44 61 53 54 56 
57 58 59 52 60 62 55 63 
 hamming distance: 11Manhattan Distance118
 1  2  3  4  5  6  7  8 
 9 10 11 12 13 14 15 16 
17 18 19 20 21 22 23 24 
25 26 27 28 29 30 31 32 
33 34 35 36 37 38 39 40 
41  0 42 43 45 46 47 48 
49 50 51 44 61 53 54 56 
57 58 59 52 60 62 55 63 
 hamming distance: 10Manhattan Distance108
 1  2  3  4  5  6  7  8 
 9 10 11 12 13 14 15 16 
17 18 19 20 21 22 23 24 
25 26 27 28 29 30 31 32 
33 34 35 36 37 38 39 40 
41 42  0 43 45 46 47 48 
49 50 51 44 61 53 54 56 
57 58 59 52 60 62 55 63 
 hamming distance: 9Manhattan Distance98
 1  2  3  4  5  6  7  8 
 9 10 11 12 13 14 15 16 
17 18 19 20 21 22 23 24 
25 26 27 28 29 30 31 32 
33 34 35 36 37 38 39 40 
41 42 43  0 45 46 47 48 
49 50 51 44 61 53 54 56 
57 58 59 52 60 62 55 63 
 hamming distance: 8Manhattan Distance88
 1  2  3  4  5  6  7  8 
 9 10 11 12 13 14 15 16 
17 18 19 20 21 22 23 24 
25 26 27 28 29 30 31 32 
33 34 35 36 37 38 39 40 
41 42 43 44 45 46 47 48 
49 50 51  0 61 53 54 56 
57 58 59 52 60 62 55 63 
 hamming distance: 7Manhattan Distance78
 1  2  3  4  5  6  7  8 
 9 10 11 12 13 14 15 16 
17 18 19 20 21 22 23 24 
25 26 27 28 29 30 31 32 
33 34 35 36 37 38 39 40 
41 42 43 44 45 46 47 48 
49 50 51 52 61 53 54 56 
57 58 59  0 60 62 55 63 
 hamming distance: 6Manhattan Distance68
 1  2  3  4  5  6  7  8 
 9 10 11 12 13 14 15 16 
17 18 19 20 21 22 23 24 
25 26 27 28 29 30 31 32 
33 34 35 36 37 38 39 40 
41 42 43 44 45 46 47 48 
49 50 51 52 61 53 54 56 
57 58 59 60  0 62 55 63 
 hamming distance: 5Manhattan Distance58
 1  2  3  4  5  6  7  8 
 9 10 11 12 13 14 15 16 
17 18 19 20 21 22 23 24 
25 26 27 28 29 30 31 32 
33 34 35 36 37 38 39 40 
41 42 43 44 45 46 47 48 
49 50 51 52  0 53 54 56 
57 58 59 60 61 62 55 63 
 hamming distance: 4Manhattan Distance48
 1  2  3  4  5  6  7  8 
 9 10 11 12 13 14 15 16 
17 18 19 20 21 22 23 24 
25 26 27 28 29 30 31 32 
33 34 35 36 37 38 39 40 
41 42 43 44 45 46 47 48 
49 50 51 52 53  0 54 56 
57 58 59 60 61 62 55 63 
 hamming distance: 3Manhattan Distance38
 1  2  3  4  5  6  7  8 
 9 10 11 12 13 14 15 16 
17 18 19 20 21 22 23 24 
25 26 27 28 29 30 31 32 
33 34 35 36 37 38 39 40 
41 42 43 44 45 46 47 48 
49 50 51 52 53 54  0 56 
57 58 59 60 61 62 55 63 
 hamming distance: 2Manhattan Distance28
 1  2  3  4  5  6  7  8 
 9 10 11 12 13 14 15 16 
17 18 19 20 21 22 23 24 
25 26 27 28 29 30 31 32 
33 34 35 36 37 38 39 40 
41 42 43 44 45 46 47 48 
49 50 51 52 53 54 55 56 
57 58 59 60 61 62  0 63 
 hamming distance: 1Manhattan Distance18
 1  2  3  4  5  6  7  8 
 9 10 11 12 13 14 15 16 
17 18 19 20 21 22 23 24 
25 26 27 28 29 30 31 32 
33 34 35 36 37 38 39 40 
41 42 43 44 45 46 47 48 
49 50 51 52 53 54 55 56 
57 58 59 60 61 62 63  0 
 hamming distance: 0Manhattan Distance0